” 1001101110τί 1670 1689 ἔέῐ ΙΕΜ 17
11111 111111. .Β111.111111.1111..116 1111, 1.11(11,111011111,1,11,01,711 1011011111

1 61111111. 1101 1116, 1,1 3 0 ,1,’14010 1111 1111101 ,111, 1,,11 11,.10111 5 11111111
, 111101,,111.11 1,,18,111.έ111110 r 11101110,1101,11,1,10,6)1111111
1 110100,,,1110,11 1111 10111 111 ρ1101,11111,11,1110 ,11111
¹ 11101111 1818411.1,,111 3111110110 Acosr 1110111111 16, 11, .1 1111· ,01111
1111111011111110. ,1,81101, ,11191111 111101,,,,,1111110181, 555 ,3·11111.11 ·11
Ι 1111111,,,111,111111,1,111ἑ’1110011110011110,1611,11.101“1,61111
1110100,11110.19,..01 1111110111 1111111,,,,,,1011,91101 1111 11111111
’1 11111111 1111111111, 1111101111 111111 81111111 ,1111151111 όῒ, .’16”’0’,,1”1197’1’1’11’111’11
111101,,001111,11,1,01,·1-11 110111· 1110000,11, 5, 3. 55,5 ,1111 1111110
1110111.1,,11,1611,0, 111 ,ν’ 11 110111Ι 1111011,111,11,18,18,1,’01 ·1·) 1 ,humi
APR5555155255’53555'55'555'55520302‘5552555 οΠ(’)”11’11’11’111’691 1’1’1,1’,’11’1 ἔγ ’1111111
1111101 ,,11111,1144.111 Χ 4111110 Ι11110100 11, 11 0111111111111111
10010019111101ἕ111101101 1101,111,.,111 1,0,1, 7ο1111·111ρς”
- ρ·,110111,11,0,,110,19 1111110111 ’1111111110 11,,,101811111319.1·.11101
MAGG. 1110111,1,16,111,1, 01 ,.111 101110 Novem 1111 ,,111 1,11,,·,6 1 ,111 116 hum
· 110οΜ100111..οά,01101,11011111 1110100,11,11,,110,1,.1-)11110101
1101-,.,0011109,,,1101 Esecco, , 1101111111, 9,,,1901Ἁ10 011110
. ρ1110011111711611μ171101111111110 10111111·’·,,,,1,.16111111118100011
. 6116100111 160111301101111Β1Ε111111111011..1110 1110 1110111
111101,,,1111 1 18,..1111)(1,1101ρ·111111οᾴ,1111 10...1.,.1-,1’11 11011.
11111000,17,’11 111,1.Πι1,1101ρ11 111101(111911,6,.1’11·.,11’11111111 1
1111011111 16 95 1,,1111111141111011 1111111111,16,1 1100169111 55555p 1

111111110111100001110101111111101111111..111111111010161116101

11, 1111 11 1111110 1001 111111110010111111101 persona idiota, 1110 1τό 10111101.
10110111111111111111011101111111110 1,1111101’11111011111101 001111.1,1οέ

1111011100 111111111101011101100011011101100111111 1910 59 11001, cho
' 110101 1111011111101110 111010,111·1Ι1“10110 11 1011111111 1111001110.

1111101011 01111111001110011001111111.1111111101 1011111 0111111101111111
1111ΠΜΤΜ11111011.00000111.1111111011111101101 11101 1111010
11111ῃο 1111101111111011010111(111101111111 11101111111,111,ὸ111.111011
111111 111111111110110111110106111111101001111101111·1111111111
11. ..11110 11 1111111· 011011110010010100011110111100111111111011.1101101
8.·ο (11.0001111 1100111111511001011...1011111101101001110011110

. ,110111011110 11111010, 1110111011 111111,0 1110111110101110111011111·
10, 0 11110 ,ὸ 11111010, o buono, come 11 ’111 11301101 1101011111.

² 1810111100011101111011111011111111101·101111110111011,1.1111 10111010 11011

55555155. 111101111111101111811101611· 111. 1
Q Α1111111111Ξο1Π 6101101, Ε11111011001, 1111110111( 1
1 1111111, 8101111001, 1111011110, Capricorno» Aquario, 13111· 5 ’

Ν

 

